[neutral]
<200, 1000, 4000>
{ 64,64,128,128,128,
0,0,0,0,0,0,0,0,0,0,
0,0,0,0,0,0,0,0,0,0,0,0,0,0,0,
0,32,128,128,128 }

[CoolSmile1]
<100, 1000, 4000>
{80,84,128,128,128,
138,125,0,0,0,0,0,0,0,0,
115,58,0,0,97,0,0,0,84,0,0,0,0,148,0,
0,32,128,80,128}

[CoolSmile2]
<100, 1000, 4000>
{80,84,128,128,153,
138,125,0,0,156,0,0,0,156,0,
255,255,0,0,255,0,0,0,255,0,0,0,255,255,0,
0,32,128,70,128}

[WarmSmile1]
<100, 1000, 4000>
{64,64,128,128,128,
110,110,0,150,140,0,0,150,140,0,
185,185,0,0,255,0,0,0,255,0,0,0,0,0,0,
0,75,165,128,128}

[WarmSmile2]
<100, 1000, 4000>
{64,64,128,128,128,
255,255,0,150,140,0,0,150,140,0,
185,185,0,0,255,0,0,0,255,0,0,0,0,0,0,
0,141,150,160,128}

[BitterSmile1]
<100, 200, 4000>
{64,85,128,128,89,
255,255,0,150,0,130,0,150,0,100,
45,100,0,0,255,0,0,0,255,0,0,0,165,0,130,
0,32,128,80,128}

[BitterSmile2]
<400, 200, 4000>
{85,90,128,128,89,
255,255,0,150,0,255,0,150,0,255,
45,220,0,0,255,0,0,0,255,0,0,0,165,0,255,
0,32,128,80,128}

[Hope1]
<300, 1000, 4000>
{50,50,128,128,128,
115,115,0,255,0,0,0,255,0,0,
255,255,0,0,255,0,0,0,255,0,0,0,0,0,0,
0,110,128,180,128}

[Hope2]
<200, 1000, 4000>
{20,20,128,128,128,
115,115,0,255,0,0,0,255,0,0,
145,145,0,0,255,0,0,0,255,0,0,0,0,0,0,
0,255,128,180,128}


[ColdAnger1]
<100, 1000, 4000>
{70,70,128,128,80,
100,100,0,0,0,125,156,0,0,125,
0,0,0,130,0,0,0,130,0,0,0,0,100,0,130,
0,90,115,150,128}


[ColdAnger2]
<300, 1000, 4000>
{110,110,128,128,120,
100,100,155,0,0,255,156,0,0,255,
0,0,0,130,0,0,0,130,0,0,0,0,100,0,255,
0,120,155,128,128}

[HotAnger1]
<300, 1000, 4000>
{0,0,128,128,180,
120,120,130,0,0,255,156,0,0,255,
0,0,0,130,0,0,0,130,0,0,0,0,100,150,130,
0,100,185,40,128}

[HotAnger2]
<300, 1000, 4000>
{0,0,128,128,210,
120,120,255,0,0,255,255,0,0,255,
0,0,0,130,0,0,0,200,0,0,0,130,160,150,130,
0,180,200,50,128}

[Tired1]
<900, 1000, 20000>
{115,135,128,128,128,
95,150,0,0,0,80,0,160,0,80,
0,0,0,150,0,0,0,150,0,0,0,0,0,140,0,
0,180,45,200,128}

[Tired2]
<900, 1000, 20000>
{200,255,128,128,128,
95,150,0,0,0,80,0,160,255,80,
0,0,0,150,0,0,0,150,55,0,0,0,0,140,0,
0,255,45,220,128}

[PositiveSurprise1]
<200, 1000, 4000>
{0,0,128,128,90,
0,0,120,0,150,0,120,0,150,0,
90,90,0,0,0,0,0,0,0,0,0,0,0,0,0,
0,140,128,175,128}

[PositiveSurprise2]
<300, 1000, 4000>
{0,0,128,128,90,
0,0,180,0,255,0,255,0,255,0,
185,90,0,0,0,0,0,0,0,0,0,0,0,0,0,
0,255,128,200,128}

[DisgustSurprise1]
<100, 1000, 4000>
{0,0,128,128,65,
100,165,100,0,150,80,0,0,150,145,
0,65,0,0,0,0,0,0,185,0,0,0,105,160,110,
0,100,128,165,128}

[DisgustSurprise2]
<100, 1000, 4000>
{0,0,128,128,65,
100,165,100,0,150,255,0,0,150,255,
65,65,0,135,185,0,0,135,185,0,0,0,255,160,255,
0,255,128,165,128}

[DisgustSurpriseClosed2]
<400, 1000, 4000>
{255,255,128,128,65,
255,255,100,0,150,255,0,0,150,255,
65,65,0,135,185,0,0,135,185,0,0,0,255,160,255,
0,255,128,0,100}

[Disgust1]
<200, 1000, 4000>
{120,120,128,128,128,
255,255,100,255,150,255,0,255,150,255,
0,0,0,255,185,0,0,255,185,0,0,0,255,255,150,
0,255,128,90,128}

[Disgust2]
<1000, 1000, 4000>
{165,165,128,128,65,
255,255,100,255,255,255,100,255,255,255,
0,0,0,255,185,0,0,255,185,0,0,0,255,255,255,
0,255,128,60,110}

[AmusedDisgust1]
<200, 1000, 4000>
{120,120,128,128,128,
100,100,0,255,150,255,0,255,150,255,
135,80,0,255,185,0,0,255,185,0,0,0,255,255,150,
0,100,150,128,128}

[AmusedDisgust2]
<300, 1000, 4000>
{120,120,128,128,150,
100,100,0,255,150,255,0,255,150,255,
255,255,0,255,255,0,0,255,255,0,0,0,255,255,255,
0,255,150,80,128}

[Embarrassed1]
<200, 1000, 20000>
{50,50,200,128,128,
0,0,0,255,230,100,0,255,255,100,
0,0,0,130,110,0,0,130,110,0,0,0,0,0,0,
0,85,128,80,128}

[Embarrassed2]
<200, 1000, 20000>
{20,20,200,128,0,
0,0,0,255,255,150,0,255,255,150,
0,0,0,180,110,0,0,180,110,0,0,0,0,0,0,
0,32,128,60,128}

[Sad2]
<700, 1000, 4000>
{200,200,128,128,128,
80,80,0,255,255,80,0,255,255,80,
0,0,0,255,255,0,0,255,255,0,0,0,0,0,0,
0,32,128,0,128}


[Sad1]
<600, 1000, 4000>
{150,150,128,128,128,
90,90,0,255,190,80,0,255,190,80,
0,0,0,255,255,0,0,255,255,0,0,0,0,0,0,
0,32,128,40,128}

[SadAngry1]
<600, 1000, 4000>
{100,100,128,128,90,
90,90,0,255,0,255,0,255,0,255,
0,0,0,255,255,0,0,255,255,0,0,0,0,0,0,
0,32,128,55,128}

[SadAngry2]
<600, 1000, 4000>
{100,100,128,128,45,
90,90,0,255,0,255,0,255,0,255,
0,0,0,255,255,0,0,255,255,0,0,0,0,0,0,
0,0,128,45,128}

(pain impact from left side)
[Pain2]
<300, 1000, 20000>
{200,80,128,128,128,
100,100,0,0,255,255,0,0,0,160,
255,0,0,0,0,0,0,0,255,0,0,0,255,255,255,
0,130,128,0,100}

[Pain1]
<100, 1000, 20000>
{175,100,128,128,128,
100,130,0,0,0,125,0,0,0,125,
100,0,0,0,0,0,0,0,255,0,0,0,105,140,120,
0,110,128,95,128}

[Drowsy1]
<1300, 1000, 4000>
{200,200,128,128,25,
85,85,0,0,200,0,0,0,200,0,
0,0,0,0,0,0,0,0,0,0,0,0,0,0,0,
0,32,190,100,128}

[Drowsy2]
<1300, 1000, 4000>
{230,230,128,128,20,
100,100,0,0,200,0,0,0,200,0,
0,0,0,0,0,0,0,0,0,0,0,0,0,255,0,
0,255,255,255,128}

[Releaf1]
<300, 1000, 4000>
{110,110,128,128,128,
120,130,0,0,200,0,0,0,200,0,
100,90,0,0,255,0,0,0,255,0,0,0,0,255,0,
0,70,128,170,128}

[Releaf2]
<700, 1000, 4000>
{210,210,128,128,128,
120,130,0,0,200,0,0,0,200,0,
100,90,0,0,255,0,0,0,255,0,0,0,0,255,0,
0,130,128,255,128}

[Scorn1]
<300, 1000, 4000>
{115,100,170,128,45,
0,0,165,0,0,150,0,0,0,0,
255,0,0,0,200,0,0,0,0,0,0,0,170,0,0,
0,32,128,130,128}

[Scorn2]
<500, 1000, 4000>
{135,100,170,128,45,
125,99,165,0,0,200,0,0,0,0,
255,0,0,171,200,0,0,140,0,0,0,0,255,0,255,
0,32,70,185,128}

[FearfulSurprise2]
<100, 1000, 4000>
{0,0,128,128,170,
90,90,0,150,255,140,0,150,255,140,
0,0,0,0,0,0,0,0,0,0,0,0,0,0,0,
0,255,128,150,128}

[FearfulSurprise1]
<100, 1000, 4000>
{0,0,128,128,170,
60,90,0,150,255,110,0,150,255,0,
0,0,0,0,0,0,0,0,0,0,0,0,0,0,0,
0,155,128,190,128}

[FearfulDisgust1]
<100, 1000, 4000>
{115,115,128,128,128,
75,75,0,150,255,110,0,150,255,110,
0,0,0,0,255,0,0,0,255,0,0,0,135,255,145,
0,145,128,128,128}

[FearfulDisgust2]
<100, 1000, 4000>
{115,115,128,128,128,75,75,255,255,255,
255,255,255,255,255,0,0,0,0,255,
0,0,0,255,0,0,0,135,255,145,
0,100,128,128,128}

[NoticingFailure1]
<10, 1000, 4000>
{40,40,128,128,90,
100,100,0,0,255,110,0,0,255,110,
0,0,0,0,0,0,0,0,0,0,0,0,0,0,0,
0,130,128,128,128}

[NoticingFailure2]
<100, 1000, 4000>
{0,0,128,128,145,
120,140,0,0,255,80,0,0,255,80,
0,0,0,0,0,0,0,0,0,0,0,0,0,0,180,
0,255,128,50,128}

[Fear2]
<200, 1000, 4000>
{0,0,128,128,128,
80,90,150,0,255,255,170,0,255,255,
0,0,0,255,0,0,0,255,0,0,0,0,0,255,0,
0,255,128,140,128}

[Sulking2]
<400, 1000, 4000>
{90,95,255,128,128,
0,0,140,0,0,255,160,0,0,170,
0,0,0,0,0,0,0,0,0,0,125,0,0,0,0,
0,32,128,0,180}

[Shy2]
<600, 1000, 1000>
{105,110,200,128,0,
150,80,0,0,255,0,0,0,255,0,
255,255,0,255,255,0,0,255,255,0,0,0,0,0,0,
0,32,200,0,128}
slightly fast blink

[Shame2]
<600, 1000, 2000>
{160,110,200,128,0,
150,80,0,0,255,120,0,0,255,100,
0,0,0,255,255,0,0,255,255,0,0,0,0,0,0,
0,32,180,0,128}
slightly fast blink


[Awe2]
<600, 1000, 4000>
{0,0,128,128,215,
100,95,255,60,255,0,255,60,255,0,
0,0,0,0,0,0,0,0,0,0,0,0,0,0,0,
0,255,128,185,128}
slightly slow motion
no blink

[Amusement2]
<200, 1000, 4000>
{30,20,128,128,128,
115,115,100,255,80,80,175,0,80,0,
255,255,255,0,0,0,255,0,0,0,0,0,0,250,110,
0,200,200,128,128}

[Suspicion2]
<800, 1000, 4000>
{150,125,200,128,150,
100,60,255,0,0,255,0,0,0,100,
0,0,0,255,0,0,0,150,0,0,0,0,0,0,0,
0,32,160,100,100}

[Boredom2]
<1000, 1000, 4000>
{180,160,215,128,0,
0,0,0,0,0,0,0,0,0,0,
0,0,0,0,0,0,0,0,0,0,0,0,0,0,0,
0,175,165,255,128}

[Arrogant2]
<800, 1000, 4000>
{128,100,128,128,0,
75,80,180,0,255,0,255,0,0,0,
255,0,0,200,195,0,0,100,0,0,0,0,200,255,150,
0,32,160,255,128}

[Flirty2]
<300, 1000, 4000>
{30,255,128,128,210,
120,120,0,0,0,0,0,0,0,0,
95,175,0,0,0,0,0,0,0,0,115,0,0,0,0,
0,32,0,30,128}

[Hate2]
<300, 1000, 4000>
{115,110,128,128,200,
80,85,0,0,0,255,0,0,0,255,
0,0,0,255,255,0,0,255,255,0,0,255,255,255,255,
0,32,128,60,128}

[Pride2]
<400, 1000, 4000>
{25,25,128,128,65,
0,0,0,0,150,95,0,0,150,95,
255,255,0,0,255,0,0,0,255,0,0,0,0,0,0,
0,32,128,175,128}

[Confusion2]
<600, 1000, 4000>
{105,75,128,128,128,
80,0,0,0,255,180,0,0,255,180,
0,0,0,110,0,0,0,110,0,0,0,0,0,0,0,
0,100,128,128,128}

[SadSurprise2]
<100, 1000, 4000>
{64,64,128,128,55,100,120,0,0,255,
255,0,0,255,255,0,0,0,255,0,0,0,255,
0,0,0,0,0,0,0,0,185,128,128,128}

[SadFear2]
<300, 1000, 4000>
{50,50,128,128,128,200,200,165,100,255,
60,180,100,255,60,0,0,0,255,0
0,0,255,0,0,0,0,0,0,0,
0,200,128,128,128}


[Appal2]
<100, 1000, 4000>
{0,0,128,128,128,80,100,255,0,0,
115,255,0,0,130,0,0,0,0,0,
0,0,0,0,0,0,0,0,0,150,
0,255,128,135,128}

[AngrySurprise2]
<100, 1000, 4000>
{0,0,128,128,175,130,130,170,0,0,
255,170,0,0,255,0,0,0,130,0,
0,0,190,0,0,0,0,255,0,0,
0,185,128,55,128}

[Contempt2]
<100, 1000, 4000>
{150,125,128,128,128,90,85,110,0,200,
255,0,0,145,100,180,0,0,255,255,
0,0,255,0,0,0,0,175,0,150,
0,32,128,140,128}

[Contentment2]
<500, 1000, 4000>
{100,90,128,128,128,70,70,0,180,170,
0,0,180,200,0,255,255,0,0,0,
0,0,0,0,0,0,0,0,0,0,
0,32,128,80,128}
2STEP *34single nod

[Hesitation2]
<300, 1000, 4000>
{100,100,128,128,30,90,90,0,0,255,
140,0,0,255,120,0,0,170,0,0,
0,170,0,0,0,0,0,0,255,0,
0,32,100,128,128}

[AngryDisgust2]
<100, 1000, 4000>
{110,110,128,128,128,100,100,155,0,0,
255,155,0,0,255,0,0,0,130,0,
0,0,130,0,0,0,0,255,255,255,
0,130,128,128,128}

[Hungry]
<500, 1000, 4000>
{135,100,128,128,0,90,100,0,0,255,
125,0,0,255,0,0,0,0,255,0,
0,0,255,0,0,0,0,0,255,0,
0,200,128,170,128}

[Bitter]
<100, 1000, 4000>
{30,30,128,128,150,80,80,255,0,0,
255,255,0,0,255,0,0,0,255,0,
0,0,255,0,0,0,0,140,0,120,
0,32,128,80,128}

[NotFace]
<500, 1000, 4000>
{100,100,128,90,128,80,70,0,0,0,
120,0,0,0,120,0,0,0,255,0,
0,0,255,0,0,0,255,0,0,0,
0,0,200,100,128}

[Surprise2]
<100, 1000, 4000>
{0,0,128,128,190,
80,80,140,0,255,0,200,0,255,0,
0,0,0,0,0,0,0,0,0,0,0,0,0,0,0,
0,200,128,70,128}


[anger2]
<500, 1000, 8000>
{ 51, 56, 81, 81, 255, 
40, 40, 226, 0, 0, 196, 239, 0, 0, 206,
0, 0, 0, 0, 90, 100, 0, 0, 90, 100, 0, 0, 0, 0, 0, 
0, 0, 147, 100, 128 }

[anger1]
<500, 1000, 8000>
{ 51, 56, 100, 100, 128, 
30, 30, 160, 0, 0, 140, 160, 0, 0, 140, 
0, 0, 0, 0, 40, 50, 0, 0, 40, 50, 0, 0, 0, 0, 0, 
0, 0, 135, 110, 128 }

[sad2]
<1000, 1500, 8000>
{ 58, 68, 128, 128, 61, 
0, 0, 0, 0, 255, 70, 0, 0, 255, 70, 
0, 0, 0, 90, 0, 0, 0, 90, 0, 0, 0, 0, 0, 5, 104, 
0, 0, 142, 90, 128 }

[sad1]
<1000, 1500, 8000>
{ 58, 68, 128, 128, 31,
0, 0, 0, 0, 160, 50, 0, 0, 160, 50, 
0, 0, 0, 45, 0, 0, 0, 45, 0, 0, 0, 0, 0, 0, 50, 
0, 0, 135, 110, 128 }

[happy2]
<800, 1000, 8000>
{ 20,33,99,99,128,
112,107,0,255,0,0,56,255,91,0,
90,90,190,0,0,190,190,0,0,190,0,0,100,255,0,
0,20,128,135,128 }

[happy1]
<800, 1000, 8000>
{ 50,50,110,110,128,
90,90,0,180,0,0,30,180,45,0,
64,64,120,0,0,100,120,0,0,100,0,0,70,160,0,
0,10,128,128,128 }

[fear]
<500, 1000, 8000>
{ 68,64,128,128,128,
91,0,0,0,0,252,0,0,142,0,
0,0,0,191,0,0,51,255,0,0,0,0,255,137,150,
0,0,81,153,107 }

[surprise2]
<100, 1000, 8000>
{ 0, 0, 128, 128, 128,
0, 0, 250, 0, 0, 0, 250, 0, 0, 0, 
0, 0, 0, 0, 0, 94, 89, 0, 0, 0, 79, 79, 76, 219, 0, 
0, 120, 128, 160, 128 }

[surprise1]
<100, 1000, 8000>
{ 35, 35, 128, 128, 128, 
0, 0, 130, 0, 0, 0, 130, 0, 0, 0, 
0, 0, 0, 0, 0, 45, 45, 0, 0, 0, 40, 40, 35, 110, 0, 
0, 60, 128, 135, 128 }

[disgust]
<400, 1000, 8000>
{ 68,64,128,128,128,
91,0,0,0,0,252,0,0,142,0,
0,0,0,191,0,0,51,255,0,0,0,0,255,137,150,
0,0,81,153,107 }

[worry2]
<200, 1000, 8000>
{ 64, 64, 128, 128, 128, 
64, 64, 0, 0, 255, 128, 0, 0, 255, 128, 
0, 0, 0, 0, 0, 0, 0, 0, 0, 0, 0, 0, 0, 0, 0, 
0, 0, 128, 110, 128 }

[worry1]
<400, 1000, 8000>
{ 64, 64, 128, 128, 128, 
32, 32, 0, 0, 255, 70, 0, 0, 255, 70, 
0, 0, 0, 0, 0, 0, 0, 0, 0, 0, 0, 0, 0, 0, 0, 
0, 0, 128, 110, 128 }

[sorry2]
<200, 1000, 8000>
{ 64, 64, 128, 128, 128, 
64, 64, 0, 0, 255, 255, 0, 0, 255, 255, 
0, 0, 0, 90, 0, 0, 0, 90, 0, 0, 0, 0, 0, 0, 0, 
0, 0, 128, 85, 128 }

[sorry1]
<400, 1000, 8000>
{ 64, 64, 128, 128, 128, 
32, 32, 0, 0, 190, 128, 0, 0, 190, 128, 
0, 0, 0, 40, 0, 0, 0, 40, 0, 0, 0, 0, 0, 0, 0, 
0, 0, 128, 105, 128 }

[TadachiSmile1]
<200, 1000, 4000>
{130,150,128,128,110,
255,255,0,255,80,80,0,255,80,0,
255,255,255,0,0,0,255,0,0,0,0,0,0,180,110,
0,180,128,100,128}

[AffiliativeSmile1]
<200, 1000, 4000>
{ 64,64,128,128,128,
0,0,0,0,0,0,0,0,0,0,
100,100,100,0,0,0,100,0,0,0,0,0,0,0,0,
0,32,128,128,128 }

[AffiliativeSmile2]
<200, 1000, 4000>
{ 64,64,128,128,128,
70,70,0,0,0,0,0,0,0,0,
150,150,150,0,0,0,150,0,0,0,0,0,0,0,0,
0,32,128,128,128 }

[AffiliativeSmile3]
<200, 1000, 4000>
{ 64,64,128,128,128,
90,90,0,0,0,0,0,0,0,0,
200,200,200,0,0,0,200,0,0,0,0,0,100,100,0,
0,32,128,128,128 }

[RewardSmile1]
<200, 1000, 4000>
{ 70,70,128,128,128,
100,100,0,0,0,0,0,0,0,0,
120,120,120,0,0,0,120,0,0,0,0,0,0,150,0,
0,50,128,128,128 }

[RewardSmile2]
<200, 1000, 4000>
{ 85,85,128,128,128,
150,150,0,0,0,0,0,0,0,0,
200,200,200,0,0,0,200,0,0,0,0,0,0,150,0,
0,100,128,128,128 }

[RewardSmile3]
<200, 1000, 4000>
{ 100,100,128,128,128,
220,220,0,0,0,0,0,0,0,0,
255,255,255,0,0,0,255,0,0,0,0,0,0,200,0,
0,200,128,128,128 }

[Thinking1]
<200, 1000, 4000>
{ 100,100,50,50,150,
200,200,0,0,0,150,0,255,255,150,
0,0,255,0,255,0,255,0,255,0,0,100,0,0,150,
0,0,128,100,128 }

[WaitSmile1]
<200, 1000, 4000>
{ 64,64,128,128,128,
0,0,0,0,0,0,0,0,0,0,
100,100,100,0,150,0,100,0,150,0,0,0,0,0,0,
0,32,128,128,128 }

[WaitSmile2]
<200, 1000, 4000>
{ 64,64,128,128,128,
0,0,0,0,0,0,0,0,0,0,
150,150,150,0,200,0,150,0,200,0,0,0,0,0,0,
0,32,128,128,128 }

[WaitSmile3]
<200, 1000, 4000>
{ 64,64,128,128,128,
0,0,0,0,0,0,0,0,0,0,
255,255,255,0,255,0,255,0,255,0,0,0,0,0,0,
0,32,128,128,128 }

[AffiliativeSmileOpenEyes1]
<200, 1000, 4000>
{ 30,30,128,128,128,
0,0,0,0,0,0,0,0,0,0,
100,100,100,0,0,0,100,0,0,0,0,0,0,0,0,
0,32,128,128,128 }

[AffiliativeSmileOpenEyes2]
<200, 1000, 4000>
{ 30,30,128,128,128,
70,70,0,0,0,0,0,0,0,0,
150,150,150,0,0,0,150,0,0,0,0,0,0,0,0,
0,32,128,128,128 }

[AffiliativeSmileOpenEyes3]
<200, 1000, 4000>
{ 30,30,128,128,128,
90,90,0,0,0,0,0,0,0,0,
200,200,200,0,0,0,200,0,0,0,0,0,100,100,0,
0,32,128,128,128 }

[WaitSmileOpenEyes1]
<200, 1000, 4000>
{ 30,30,128,128,128,
0,0,0,0,0,0,0,0,0,0,
100,100,100,0,150,0,100,0,150,0,0,0,0,0,0,
0,32,128,128,128 }

[WaitSmileOpenEyes2]
<200, 1000, 4000>
{ 30,30,128,128,128,
0,0,0,0,0,0,0,0,0,0,
150,150,150,0,200,0,150,0,200,0,0,0,0,0,0,
0,32,128,128,128 }

[WaitSmileOpenEyes3]
<200, 1000, 4000>
{ 30,30,128,128,128,
0,0,0,0,0,0,0,0,0,0,
255,255,255,0,255,0,255,0,255,0,0,0,0,0,0,
0,32,128,128,128 }



[Blink1]
<200, 1000, 4000>
{ 255,255,128,128,128,
0,0,0,0,0,0,0,0,0,0,
0,0,0,0,0,0,0,0,0,0,
0,0,0,0,0,0,32,128,128,128 }
[Blink3]
<200, 1000, 4000>
{ 64,64,128,128,128,
0,0,0,0,0,0,0,0,0,0,
0,0,0,0,0,0,0,0,0,0,
0,0,0,0,0,0,32,128,128,128 }
[RewardSmile_new3]
<200, 1000, 4000>
{ 100,100,128,128,128,
220,220,0,0,0,0,0,0,0,0,
255,255,255,0,0,0,255,0,0,0,
0,0,0,200,0,0,100,128,128,128 }
